--DFN Genetrated by ADFNE 1.5
--Writer Created by Bin Wang(binwang.0213@gmail.com)

DFN_INFO
--Dimension,NumPts,NumFracs,NumInts,NumClusters
3 23 4 4 1
/

DFN_CLUSTERS
--NumFrac FracIDlist[1,5,10..]
1
4	1	2	3	4
/

DFN_POINTS
--[x,y,z]
23
-0.500000000000000	-0.500000000000000	0.000000000000000
0.500000000000000	-0.500000000000000	0.000000000000000
0.500000000000000	0.500000000000000	0.000000000000000
-0.500000000000000	0.500000000000000	0.000000000000000
-0.200000000000000	0.300000000000000	-0.600000000000000
0.800000000000000	0.300000000000000	-0.600000000000000
0.800000000000000	0.300000000000000	0.400000000000000
-0.200000000000000	0.300000000000000	0.400000000000000
0.399451813901830	0.279065617502822	-0.400000000000000
-0.599177720852744	0.331401573745766	-0.400000000000000
-0.599177720852744	0.331401573745766	0.600000000000000
0.399451813901830	0.279065617502822	0.600000000000000
0.400000000000000	-0.200000000000000	0.200000000000000
0.750000000000000	-0.200000000000000	0.200000000000000
0.600000000000000	0.310000000000000	0.200000000000000


-0.200000000000000	0.300000000000000	0.000000000000000
0.500000000000000	0.300000000000000	0.000000000000000
-0.500000000000000	0.326203889641521	0.000000000000000
0.399451813901830	0.279065617502822	0.000000000000000
0.000000000000001	0.300000000000000	-0.400000000000000
0.000000000000002	0.300000000000000	0.400000000000000
0.596078431372549	0.300000000000000	0.200000000000000
0.602941176470588	0.300000000000000	0.200000000000000
/

DFN_FRACTURES
--NumPts [PtsId=1...NumPts]
4
4	0	1	2	3
4	4	5	6	7
4	8	9	10	11
3	12	13	14
/

DFN_INTERSECTIONS
--FracID1 FracID2 [PtsID 1,2]
4
0	1	15	16
0	2	17	18
1	2	19	20
1	3	21	22
/

