--DFN Genetrated by ADFNE 1.5
--Writer Created by Bin Wang(binwang.0213@gmail.com)

DFN_INFO
--Dimension,NumPts,NumFracs,NumInts,NumClusters
3 1041 143 193 1
/

DFN_BBOX
---bottom left corner (xyz),top right corner (xyz)
0.000000000000000 -0.000000000000001 0.000000000000000
200.000000000000000 200.000000000000000 200.000000000000000
/

DFN_CLUSTERS
--NumFrac FracIDlist[1,5,10..]
1
98	1	2	3	4	5	6	7	8	9	10	11	12	13	14	15	16	17	18	19	20	21	22	23	24	25	26	27	28	29	30	31	32	33	34	35	36	37	38	39	40	41	42	43	44	45	46	47	48	49	50	51	52	53	54	55	56	57	58	59	60	61	62	63	64	65	66	67	68	69	70	71	72	73	74	75	76	77	78	79	80	81	82	83	84	85	86	87	88	89	90	91	92	93	94	95	96	97	98
/

DFN_POINTS
--[x,y,z]
1041
0.000000000000000	120.000000000000000	0.000000000000000
200.000000000000000	120.000000000000000	0.000000000000000
200.000000000000000	180.000000000000000	190.000000000000000
0.000000000000000	180.000000000000000	190.000000000000000
0.000000000000000	20.000000000000000	0.000000000000000
200.000000000000000	20.000000000000000	0.000000000000000
200.000000000000000	50.000000000000000	180.000000000000000
0.000000000000000	50.000000000000000	180.000000000000000
0.000000000000000	10.000000000000000	160.000000000000000
200.000000000000000	10.000000000000000	160.000000000000000
200.000000000000000	180.000000000000000	120.000000000000000
0.000000000000000	180.000000000000000	120.000000000000000
0.000000000000000	10.000000000000000	60.000000000000000
200.000000000000000	10.000000000000000	60.000000000000000
200.000000000000000	190.000000000000000	30.000000000000000
0.000000000000000	190.000000000000000	30.000000000000000
33.148859370730946	55.456891610721037	81.810535885663313
59.447703998770876	29.251545768567667	104.198610091498793
10.315415668472127	42.964652940790302	144.406670068046623
10.000000000000000	44.169824015624442	142.064578193147213
10.000000000000000	64.238942382315756	95.352254806085384
52.497575266286766	18.526983495698687	77.693849637677459
35.685135909234972	41.474997653127865	114.787935923927989
29.832817666348884	13.488795996654693	137.255927274228583
31.016790645928399	10.000000000000000	135.141121934429663
50.274640890033055	10.000000000000000	85.669373123133738
133.661250882110124	27.114939856454292	82.572381651750760
121.896862415078289	70.050274130574394	51.187883755856141
106.053594291829029	36.508286337416905	10.000000000000000
105.934422227210419	10.000000000000000	10.000000000000000
128.054623009723883	10.000000000000000	68.058672064504577
10.000000000000007	30.538835605216669	147.954538896713984
51.179455529965509	42.993385821904198	163.101833205716900
57.795719053426829	10.000000000000000	146.167431057734518
10.000000000000007	10.000000000000000	136.587069727301213
87.197528382673866	44.046429580824729	190.000000000000000
77.784731140169811	20.995160387902423	151.996090676462188
130.498531032222814	51.699648038512521	121.231529072287245
143.564289821800855	74.538859898740554	151.310442665780840
102.992986515606106	56.970224742093208	190.000000000000000
180.000000000000000	131.220356350161097	113.823210241515199
167.201094547154469	127.379595644728383	106.823235917141460
121.196610346986176	174.163172760447338	160.777031262761170
137.373747220296252	180.000000000000000	170.907289013404750
180.000000000000000	180.000000000000000	177.517779869865109
140.689278051091662	83.247541531730619	79.223094945545171
155.564778054527267	102.609080350836052	102.583448382128125
144.327661870905899	80.569979426585633	137.987044499944574
124.396213858881012	52.567437065279421	121.430963509077174
40.858163299048186	65.895884139566462	57.206175759066397
10.000000000000000	57.484393585717292	45.957349082522938
10.000000000000000	28.193184948293013	34.480108617928401
47.723357157257624	29.999368376159897	44.910097900146930
28.892485100297510	73.422438048270791	156.308157606420423
61.202934105684363	81.793054841322032	165.584622672134088
64.633505959347957	48.594051304129117	174.043602496068786
34.481090438788243	43.134850270348892	164.870946651060677
180.000000000000000	82.636944722253446	129.193197843898929
154.604497641717671	69.154769387993028	135.756704574307093
156.799611764142583	111.203083538314530	154.083088674944520
180.000000000000000	106.377953902988935	140.164906441151487
158.646282015269946	10.000000000000000	190.000000000000000
140.771931443736122	77.507885478409563	190.000000000000000
144.954350435547724	10.000000000000000	130.414397828423063
109.399652189211963	34.026523840322767	164.841133490647309
87.449498904943738	45.305359576370179	165.262390014842964
82.729645378268359	24.871470591124059	165.576557503668340
105.435545649500227	22.191707361322901	165.052890773997177
86.096207075818100	161.556517377355618	121.139251930334481
96.575677283347645	163.162278901555027	113.382213859544294
91.007633196932048	173.868701654078393	100.069624044187591
72.783304707059145	170.477514104368794	114.462441301565420
57.782269556218068	97.051736712082899	102.691600249462908
73.004756843893105	107.255100760285302	67.222432271743628
60.665048905544772	95.278399980140719	54.015228025167467
35.581706137908071	75.940831360798143	83.873631204025671
180.000000000000000	124.848150189017872	107.016367258586200
142.855104538229256	117.527656372602479	86.293596742328305
161.362351167684352	77.025501792186731	60.774247551880507
180.000000000000000	82.234430904105238	72.418927178313368
145.729929597408415	134.217125187576386	70.096595264731505
114.012544922274671	87.111799092784167	90.526119998951984
88.487969857328835	128.546073005227640	111.282807673776361
127.253923368438379	156.360295223752189	84.694387069400420
33.526286554108722	180.000000000000000	165.374910643602760
78.066635897727949	137.015902242763502	162.243523582541485
31.673461415676087	109.231568891899386	161.047353454083918
10.000000000000000	141.435475599036124	163.264604684999313
10.000000000000000	167.460821260184872	164.863582792961722
24.572215936525204	180.000000000000000	165.473512339033022
98.423336608093010	32.156013073025548	19.353241639088260
116.941993913999823	13.041060058267577	25.078799461822541
126.839847639626143	32.099548834352618	30.075145701810889
113.892683990236193	42.927547456554294	25.904443903405074
120.301714264108213	54.512202303740850	16.972822955708239
66.527614156883999	19.817715522724001	38.920661735605933
56.123288521153967	106.802292268302125	73.007424045727944
87.745218796064194	119.821410951422763	57.749662241737852
100.224571193107124	78.102361891201610	75.968471233959448
124.152357474344342	92.890528521234330	95.839407522382288
114.409582931859859	111.909212700157298	111.459746641628797
73.300907301905312	98.984859367805299	89.140660040146159
156.705190910703692	42.172389169698178	177.099719417424126
180.000000000000000	66.369919992191171	153.104548760234792
180.000000000000000	67.887397736086939	147.160317693657817
160.745367264812984	60.973579643813423	115.729842274462897
133.325218621286780	29.594517525700894	155.319808457796086
37.634322720042377	78.042192226858177	121.499691753396093
73.235241810657556	71.071887179374031	97.647202695404019
66.203224225513821	97.013709875883265	74.161527762365864
30.047900906231778	109.091951371916267	92.646887973971033
23.937971803564537	43.013404647846343	11.835982013013066
49.571935171566750	77.633503211369202	53.914960396882648
24.345916066921092	36.402996520016011	79.152226619214474
12.714441382413487	21.164774279558884	55.677942262830555
180.000000000000000	70.357192193999765	137.758514535064648
169.749838780856066	84.103308534203080	143.512148826493160
147.229562805868056	66.790372969848420	161.775163040324856
166.689174448211503	40.139320885573369	150.917674012563424
180.000000000000000	63.413747457497848	138.580068720288580
138.036647831802242	10.000000000000000	43.760586743145574
144.517225062530770	17.488042139476999	44.954137531684353
122.499872648109104	27.642649382225137	47.132846172641422
110.300294460534147	10.000000000000000	44.264900835491517
166.320160711853873	28.390107800873416	73.195781142616440
180.000000000000000	55.436807838982375	62.613264162319297
180.000000000000000	98.887226542371849	39.800264092505174
138.075525091461628	102.732572765526825	26.693415097914656
127.454652613744230	39.004917966145030	57.343740403834602
127.132088663134283	10.000000000000000	35.843918843215064
89.804863251333614	42.265527779903763	11.924052001402158
92.015634188730175	46.061040794637165	10.000000000000000
180.000000000000000	66.316080758862967	10.000000000000000
180.000000000000000	53.775235424884968	17.341774970362735
142.206467973052327	10.000000000000000	37.875533291253063
157.368005175198419	30.866603586933817	165.202038260961501
169.077224215668565	38.108045455321154	156.010484078366062
161.187209118438375	22.953996993678686	139.790452035175633
152.176204888530123	17.144566103249197	146.347659803875729
98.447023410030525	100.659950744684892	10.000000000000000
87.747493260598205	135.873560572037064	29.476898445314756
44.300703064773685	132.556153002808799	15.695924967071313
47.958055502961059	122.034435917171336	10.000000000000000
118.749352577867398	49.566594686771111	118.967972932877757
95.171911877597665	75.888869893361402	103.760273220034293
129.842384928081259	106.783125066821441	64.779123342379648
171.868593325185799	55.435234428973914	95.790118430495369
91.007043899869345	110.539264206917977	82.536646699122571
43.281870657172064	54.049391244543131	125.628448248503020
53.901843359106344	125.652543869637512	173.724907682044773
92.458852928904562	140.932687778033369	109.246266883487806
70.167227394118356	39.801349835517314	95.673695573804167
53.673385974595689	40.958196771739566	69.492934844605799
65.913111363597210	30.453384098222642	38.840941801963730
106.874396334419302	18.363325454463855	56.007231353932291
160.041701422394027	25.477976641077156	190.000000000000000
142.872424757837422	59.033472301797751	157.761604561260356
161.181451559476471	20.477700525655976	120.628297064249864
166.598810314132834	10.000000000000000	133.635849202884742
167.360463559174491	10.000000000000000	173.457454446947082
161.837707578351143	21.837120145230099	190.000000000000000
10.000000000000000	87.267168097694977	128.049586190678241
59.809547848340408	94.384476319523742	132.022878161051210
55.885012592558219	158.082642587364631	120.545928046156106
10.000000000000000	150.834358883275911	117.005875438902407
109.297993992639888	166.000344705995161	10.029883341411846
105.144802000525658	107.385978701419901	42.142985367654489
49.141650732963114	145.818942278807413	98.665120296182366
55.576123379612845	180.000000000000000	74.637698294534843
92.867763586574242	180.000000000000000	25.374866150520738
70.728690427098854	150.386483729158641	175.902562962495381
99.991711688422754	170.132264997871175	123.684859120090692
46.487569326069341	160.437144174172971	102.127194155764130
28.798812739150279	144.200683241245770	152.750655581664660
10.000000000000000	144.462872748899713	16.910455810833035
42.553846977176775	110.407811154123536	54.857835908643494
56.866594326627734	81.518588750705391	14.049231158271189
52.890530086529608	85.819753687413851	10.000000000000000
10.000000000000000	142.790156177523954	10.000000000000000
87.654627163273659	180.000000000000000	115.606372832363306
40.883246659265787	168.241452687613474	120.742281563147259
65.683045677766131	109.134066979175401	132.898511102367365
124.667509786186869	155.389278984675457	119.265237880811327
108.315947667232138	180.000000000000000	114.520416337955240
180.000000000000000	36.415117068711616	115.630062731586747
160.705075481457641	31.719840737664022	139.388140496497698
173.455081221553883	10.000000000000000	150.062990164908456
180.000000000000000	10.000000000000000	143.696364018885220
44.839499622321092	140.407605803975144	101.999472437684929
67.099951602558264	88.671841553537803	76.796121004194944
42.103314293703363	112.821000375402974	10.000000000000000
32.350366193121580	131.546288554600665	10.000000000000000
13.745102493815569	175.264654591491052	32.403091153590942
10.000000000000000	127.172930717050889	103.500556505572490
49.983562173765534	129.688476646258778	91.521099943912816
65.220390376676093	180.000000000000000	100.557011279031997
10.000000000000000	180.000000000000000	118.059000530589444
83.559913827922685	15.204603449554257	113.713033765743035
61.645679963478187	10.000000000000000	94.061454736357291
58.464468920022426	10.000000000000000	46.239293088105285
76.034040175113176	14.708938147226213	30.080932510012047
114.783355268677028	23.928823992310416	63.819222990118369
113.020460601610338	137.269264117983596	78.180011192682883
77.395762304812578	154.341634957213728	89.681863717952822
83.374976623870296	180.000000000000000	98.956041386242433
112.568679863768608	180.000000000000000	95.026206296721284
143.520485292595168	165.142176651448068	85.023296151586933
128.133481884378483	41.554070312274042	76.329281159991254
120.388271698214197	78.266234229817755	98.888855781024461
92.962616849608537	59.786494706820221	107.576882865037746
90.499848208606252	38.138085062618025	98.772290622834788
10.000000000000000	27.140544940470445	161.682674272610370
64.970249998908628	10.000000000000000	154.749073227794980
82.762012978121859	10.000000000000000	150.815628517142187
86.538746629095840	92.761467530737747	124.779527499060492
22.605559832258884	101.284360505312506	136.318778262967442
10.000000000000000	35.476789513768040	159.144261105926802
180.000000000000000	151.116397707394896	105.079035749224261
149.084319513989783	140.139967619495138	101.654862573460946
144.711061968915544	180.000000000000000	93.100830761463513
180.000000000000000	180.000000000000000	99.450796784891224
57.682602116884667	100.743304703393434	10.000000000000000
39.077882901061756	111.483985352363547	30.984699590508033
34.646963567761190	90.072760418059431	52.733798519013860
57.993820241507159	58.289338481215786	39.193173492635125
61.913376827003169	91.472679133481478	9.999999999999996
114.602643464656552	60.567792751214562	91.877262835675012
103.307526494581339	50.117537377993372	98.533401161506646
120.322067164169553	44.590001737420266	106.874830044011006
124.512248525514451	58.471853722189316	95.765316206542707
165.111557726959461	10.000000000000002	108.662262241304262
158.743672823298084	42.864760599141611	107.154682211339406
117.639129885694715	37.230525308819168	108.065150106629559
119.567899982172136	10.000000000000004	109.365999303219880
40.729566930007110	107.379684696249342	19.233589796095487
69.362032014123670	112.704962268403349	10.000000000000000
41.313671388934395	127.233708375902850	10.000000000000000
38.242398114157510	146.500365121199764	28.962213023227399
37.107631661100797	155.197250848796671	31.791466083525638
37.046145786926303	160.679911198279228	39.198546758161079
38.081426005740667	160.854156264916412	48.354201986835491
39.818030461837246	155.653430355624863	55.761282661470936
41.592635278001666	147.064234001581724	58.590535721769179
42.727401731058379	138.367348273984817	55.761282661470943
42.788887605232873	132.884687924502259	48.354201986835498
41.753607386418508	132.710442857865075	39.198546758161086
40.017002930321922	137.911168767156624	31.791466083525641
116.720205704429617	163.295079632240657	100.932305192254873
129.294581024139063	160.401268706315250	96.889484441913979
136.762370826129654	156.523203482497507	86.305242307098155
136.271133226880892	153.142173065696880	73.222399538148295
128.008504292753855	151.549616158133972	62.638157403332478
115.130527440156797	152.353835369479413	58.595336652991577
102.556152120447351	155.247646295404820	62.638157403332471
95.088362318456745	159.125711519222563	73.222399538148295
95.579599917705494	162.506741936023190	86.305242307098140
103.842228851832530	164.099298843586098	96.889484441913964
20.644497800406363	158.144535089816884	122.599226015902047
23.342521128591201	160.113373493967458	123.593367087442658
24.608638500816600	162.054222779668777	126.196062202348230
23.959236114639161	163.225744486823942	129.413170289078124
21.642363609203379	163.180457141857943	132.015865403983696
18.542987533985595	161.935658971287580	133.010006475524307
15.844964205800757	159.966820567137006	132.015865403983696
14.578846833575358	158.025971281435687	129.413170289078124
15.228249219752797	156.854449574280522	126.196062202348230
17.545121725188579	156.899736919246493	123.593367087442658
37.175019779677349	158.374065510760175	76.785845104205137
43.372374377653962	154.830415534964771	76.885675031620352
46.302768538417958	148.325101771429843	77.147033174687820
44.846891292991714	141.342932970343242	77.470089605992328
39.560838265680481	136.550860298530921	77.731447749059797
32.463702046582874	135.779292640065677	77.831277676475011
26.266347448606261	139.322942615861081	77.731447749059797
23.335953287842266	145.828256379396009	77.470089605992328
24.791830533268506	152.810425180482639	77.147033174687820
30.077883560579739	157.602497852294931	76.885675031620352
110.529935237367198	36.876954921610235	40.549205535848394
98.888740889164453	32.936760040037015	42.375526158065185
87.853670780394552	36.058253644438118	47.156895621383605
81.639746624369621	45.049131273597752	53.066993303586862
82.620476245177144	56.475183261867997	57.848362766905282
90.421254261442471	65.972046106952945	59.674683389122073
102.062448609645216	69.912240988526165	57.848362766905282
113.097518718415117	66.790747384125069	53.066993303586862
119.311442874440061	57.799869754965428	47.156895621383612
118.330713253632524	46.373817766695183	42.375526158065185
69.381602946588117	129.115653202519923	0.000000000000000
80.713500968291555	133.063478317734166	15.532651160261059
83.275516784785395	129.427796450996027	36.464514925277726
75.066518305367808	119.241084137572500	53.398748435117383
59.222063935580131	106.394319247574316	59.867050062448712
41.794196711484453	95.794529323501962	53.398748435117390
29.439769561265049	91.490473842742432	36.464514925277740
26.877753744771216	95.126155709480571	15.532651160261068
34.407324521140779	104.469752438698094	0.000000000000000
0.260479864265767	143.605013782785392	182.894073108329508
8.149101095875338	144.914027952020774	180.306141484174162
13.108330019544951	145.291793767651399	173.530848531574748
13.243909744424371	144.594017527894181	165.156125874686609
8.504053423795019	143.087226039794274	158.380832922087194
0.699225070346289	141.346962437846827	155.792901297931849
0.000000000000000	141.230935124873525	156.022288236260266
0.000000000000000	143.546933885791674	182.807702973374376
175.365244929468531	67.677769722159013	94.526340023593576
171.465953384608810	80.254576404046773	90.248127630444060
168.993882014342006	88.008361467402977	79.047622174087607
168.893278059494548	87.977442559486832	65.203036047673734
171.202568811415460	80.173629652227262	54.002530591317282
175.039683692776805	67.577714034352297	49.724318198167765
178.938975237636527	55.000907352464530	54.002530591317282
181.411046607903330	47.247122289108319	65.203036047673734
181.511650562750816	47.278041197024464	79.047622174087607
179.202359810829876	55.081854104284034	90.248127630444060
113.582408827547241	14.092859813660795	93.023898883649309
107.659075684936155	12.585076250920071	94.249055954678596
104.008909484199705	8.680142347403519	97.456558808190550
104.026149649433151	3.869610130432660	101.421250373155885
107.695619051004300	0.000000000000000	104.621260481588507
119.430186278542806	0.000000000000000	104.655920283398331
119.561532316797084	0.033434114331045	104.628753226667840
123.211698517533534	3.938368017847596	101.421250373155885
123.194458352300074	8.748900234818457	97.456558808190550
119.516396978244259	12.627570962337142	94.249055954678596
124.124309269915130	47.211249909268474	77.410504577786043
117.296796662797775	43.027208904006748	75.297572918550799
114.117355419842056	37.747364340057977	69.765846018767206
115.800424030623830	33.388437385534239	62.928255537670516
121.703127491222546	31.615389982585526	57.396528637886917
129.570833705201096	33.105465975473514	55.283596978651666
136.398346312318438	37.289506980735247	57.396528637886917
139.577787555274170	42.569351544684011	62.928255537670509
137.894718944492382	46.928278499207757	69.765846018767206
131.992015483893681	48.701325902156469	75.297572918550799
174.570856758587070	164.031528136705504	97.578034685403168
161.623820752814936	165.766433061086275	98.523700803534823
152.268917330872796	174.591748142840288	100.999486842812658
150.079401638469818	187.136502982164586	104.059726685105034
155.891594251202719	198.609027610972021	106.535512724382883
158.571260313324871	200.000000000000000	106.754083034871442
183.498334693279816	200.000000000000000	105.724128381169947
189.787374567882864	194.066987551693614	104.059726685105048
191.976890260285842	181.522232712369316	100.999486842812672
186.164697647552941	170.049708083561882	98.523700803534823
146.849711020557606	141.822221274100599	76.040002059125811
146.710911626062710	136.847116607033513	77.442523388471869
145.106119617273151	133.579063834156528	81.114371898646525
142.648310996672279	133.266348037680331	85.653026260303719
140.276285119487170	136.028416023039853	89.324874770478374
138.896075248608213	140.810251699065674	90.727396099824432
139.034874643103109	145.785356366132760	89.324874770478374
140.639666651892668	149.053409139009744	85.653026260303719
143.097475272493540	149.366124935485942	81.114371898646525
145.469501149678649	146.604056950126449	77.442523388471869
153.910792223099207	173.273886843318650	60.996421560361767
172.848577007652267	168.828840825280110	66.688919266026417
184.052770754061527	160.881215670688732	81.592071740337246
183.243752267737676	152.466734058754810	100.013381277629634
170.730539112929421	146.799441967526064	114.916533751940463
151.292753406301216	146.044052351678459	120.609031457605113
132.354968621748156	150.489098369716999	114.916533751940463
121.150774875338897	158.436723524308377	100.013381277629634
121.959793361662747	166.851205136242299	81.592071740337261
134.473006516471003	172.518497227471045	66.688919266026417
155.497692902621793	5.505185085523292	32.078283493075745
156.980974815496211	21.551120066350556	28.859326014721915
150.488353847619237	34.075482482079309	20.431985928050928
138.499790532649655	38.294391577322926	10.015220711416614
125.594508580625700	32.596367473144390	1.587880624745623
121.207864300210758	25.967282412994024	0.000000000000000
115.950293787129198	11.027231429184942	0.000000000000000
115.218605149945517	3.111926727796487	1.587880624745621
116.831825851545005	0.000000000000000	3.681820738376246
151.854763531688576	-0.000000000000001	30.759613321608263
161.939677431843336	69.191275696736355	65.075522683821859
147.843846421529804	62.737752444551639	64.435073227049102
140.249308143905722	49.311576766148562	62.758354781141605
142.056918092161396	34.041091431749933	60.685816802872139
152.576230704465615	22.759102814389212	59.009098356964650
167.789226101203610	19.774947105208767	58.368648900191886
181.885057111517142	26.228470357393483	59.009098356964650
189.479595389141224	39.654646035796560	60.685816802872139
187.671985440885550	54.925131370195189	62.758354781141605
177.152672828581331	66.207119987555913	64.435073227049102
134.145666953375411	71.037912108603535	107.884508114587959
150.645637565161081	74.675875269487989	107.179573678799102
166.064921838833385	67.981072451772704	105.334031366063641
174.513877264046272	53.510690783846357	103.052815612170434
172.765290037801208	36.791924232673409	101.207273299434974
161.487061048229947	24.210773370827070	100.502338863646116
144.987090436444277	20.572810209942620	101.207273299434974
129.567806162771973	27.267613027657898	103.052815612170434
121.118850737559100	41.737994695584248	105.334031366063641
122.867437963804136	58.456761246757196	107.179573678799102
200.000000000000000	141.580561856681982	194.158486980543159
197.255811437072481	141.554748222722310	187.748160904963555
192.379831911172033	150.357477752658554	176.552465965661895
190.414497595216545	164.656319911887977	172.276091026523858
192.110499398644492	178.989602995354858	176.552465965661895
196.820022277527499	187.882500035548787	187.748160904963555
200.000000000000000	187.912412987609287	195.176474829711196
200.000000000000000	184.929811832175602	55.003267086594263
199.226815130580661	184.576203127402778	55.164290968712287
190.722483689530378	185.858972275781838	59.962157990596907
185.761848147897979	191.958977507546962	65.892647776650776
186.209306940260774	200.000000000000000	70.385328401702921
200.000000000000000	200.000000000000000	63.822376155440509
135.219725097718623	119.644629826291805	52.459772696241721
124.420979586073742	128.403143863313261	49.891404219492607
120.658070282237077	140.258450917336916	43.167328251729636
125.368300643691043	150.682226640792095	34.855913269701922
136.752522767201896	155.692942998424968	28.131837301938951
150.462350737066998	153.376676649604804	25.563468825189837
161.261096248711880	144.618162612583347	28.131837301938951
165.024005552548545	132.762855558559693	34.855913269701915
160.313775191094578	122.339079835104499	43.167328251729636
148.929553067583726	117.328363477471655	49.891404219492607
166.851917507896161	0.000000000000000	115.298889227415984
175.216197589418869	8.342534306407329	118.613743180398274
178.831433256163507	18.121537578033035	129.045293135768475
174.627034091503845	23.916462601098836	141.939397991290946
164.208937674068210	23.513844979050852	152.370947946661147
151.556502737243477	17.067470959041763	156.355445474270113
141.502529386450107	7.039636312520743	152.370947946661147
138.900020360629412	0.000000000000000	144.861561169506501
95.841465130987146	157.201480666908481	117.037908984704245
98.665351418290470	155.552754454446415	116.219549130172069
99.992857822799465	153.314498143739371	114.077055215978405
99.316922018274866	151.341649569943513	111.428787096655427
96.895728507832061	150.387769833592074	109.286293182461762
93.654090919119525	150.817208572791515	108.467933327929586
90.830204631816201	152.465934785253580	109.286293182461762
89.502698227307206	154.704191095960624	111.428787096655427
90.178634031831805	156.677039669756482	114.077055215978405
92.599827542274610	157.630919406107921	116.219549130172069
145.387264331283006	53.209308826796430	88.735207170797011
124.372747549126842	56.974523595023861	90.427887029517407
105.457647377322814	47.961600946993713	94.859380431719785
95.866889180891093	29.613170996279813	100.337007518683720
99.263816612986929	8.937710343858299	104.768500920886098
108.190837397277804	0.000000000000000	105.770057617506552
154.761290772936263	0.000000000000000	100.062431059128045
163.871294002258594	17.428680056409739	94.859380431719785
160.474366570162744	38.104140708831252	90.427887029517407
24.572042163508652	62.484871300038620	179.580832656893023
23.874763637007238	54.730826526311965	178.832439593567415
18.948560624049954	48.980600891123174	176.873121116836330
11.675075240104348	47.430585144133417	174.451270290025377
4.832531685162059	50.672832617595219	172.491951813294293
1.034549027709506	57.468914976584649	171.743558749968685
1.731827554210920	65.222959750311304	172.491951813294293
6.658030567168201	70.973185385500102	174.451270290025377
13.931515951113809	72.523201132489845	176.873121116836330
20.774059506056098	69.280953659028057	178.832439593567415
9.877181649148778	181.662449866001282	3.475219953900329
27.292913870932782	188.866039003792025	5.620603609536861
44.965712079590652	184.875158995940950	11.237290938901804
56.145168035733334	171.214190360424652	18.179898286358622
56.561109539846782	153.101158796764139	23.796585615723565
46.054661074691410	137.454626722978048	25.941969271360097
28.638928852907405	130.251037585187305	23.796585615723565
10.966130644249535	134.241917593038380	18.179898286358625
0.000000000000000	147.642208928481523	11.369769109893131
0.000000000000000	166.953041640704072	5.492109309434185
182.315990367882591	153.638364759075188	60.836104454932332
197.537428411937299	153.966557257709724	61.547772106233609
200.000000000000000	155.829900024967657	61.928120330266715
200.000000000000000	197.784977162032845	68.074800261123414
196.762342230452418	200.000000000000000	68.258167753026612
180.945260738094902	200.000000000000000	67.568615002607032
168.937179232274332	190.913899952806304	65.713947103032737
164.640064288134568	176.473078338635020	63.410942206034171
169.750315412871345	162.235090843472619	61.547772106233609
42.219654483283996	153.262266254431097	124.662855943726967
39.754594561848791	149.296295404293375	126.132191912763304
38.811164456525837	146.419373091607326	129.978963420593146
39.749722401538612	145.730385856826047	134.733834498180244
42.211771162303485	147.492503405821196	138.580606006010100
45.256891794167835	151.032656727049300	140.049941975046409
47.721951715603041	154.998627577187023	138.580606006010100
48.665381820925994	157.875549889873071	134.733834498180244
47.726823875913219	158.564537124654350	129.978963420593146
45.264775115148353	156.802419575659172	126.132191912763304
68.909697150860197	127.348211246061354	44.584848352997589
75.790087622260558	122.319292660417290	45.129626381751052
84.209649707232188	122.261232825456077	46.555873777351771
90.952396859705871	127.196208624751648	48.318812511046296
93.442828844983225	135.239227036631320	49.745059906647015
90.729685291358166	143.318128399898228	50.289837935400477
83.849294819957819	148.347046985542278	49.745059906647015
75.429732734986175	148.405106820503505	48.318812511046296
68.686985582512506	143.470131021207919	46.555873777351771
66.196553597235152	135.427112609328248	45.129626381751052
133.899429013797345	96.841073478122141	130.962692665033586
134.024113272096770	92.048664939302157	132.024792247109019
132.003404384305327	88.542141118306404	134.805405052419587
128.609144464190393	87.660874932394080	138.242431498889857
125.137825434584329	89.741480111447729	141.023044304200425
122.915373179002373	93.989236194237904	142.085143886275858
122.790688920702962	98.781644733057874	141.023044304200425
124.811397808494391	102.288168554053641	138.242431498889857
128.205657728609339	103.169434739965965	134.805405052419587
131.676976758215403	101.088829560912316	132.024792247109019
61.950235273415480	32.499741192498462	115.007278447158754
49.737487347065027	21.011716660220607	114.422637846088790
46.601604301746086	4.601622269201501	112.892028881284460
48.782289182951473	0.000000000000000	112.314098712539348
98.174289958385472	0.000000000000000	109.913513533137589
100.400451932045570	11.649518680867754	111.000092153815729
93.261669357765669	26.713584631852811	112.892028881284460
78.574993468966397	34.677660958297544	114.422637846088790
193.056100667109376	133.920170093079065	130.148124197457292
181.380695131882760	121.488072636019410	135.332258446154270
171.188266588846773	116.042331147088674	148.904498111485310
166.371976313536578	119.663033781112901	165.680708944753491
168.771483491435106	130.967195195051119	179.252948610084530
177.470257936834457	145.637009943094000	184.437082858781508
189.145663472061074	158.069107400153655	179.252948610084530
199.338092015097061	163.514848889084391	165.680708944753491
200.000000000000000	163.017251807632448	163.375136134103030
200.000000000000000	145.630522796434803	134.286420526106355
175.194184016924595	6.920138112367336	103.651516758889528
156.161608272349014	12.719044931522717	98.912067006736962
145.100555458874112	24.636355213663254	86.504026467629288
146.235971799889683	38.120061485489863	71.166844893719073
159.134166844509821	48.019846245484914	58.758804354611399
178.868468479215068	50.554328196638508	54.019354602458833
197.901044223790649	44.755421377483131	58.758804354611399
200.000000000000000	42.493981379375057	61.113365787432002
200.000000000000000	13.347172492942640	94.033279283993508
194.928485651629842	9.454620063520935	98.912067006736962
42.006570153337613	18.678972918969876	81.054869640591761
44.299250511786070	31.119598076898125	77.589378207883485
49.919646587109668	38.743972268368431	68.516603849331631
56.720958108771292	38.639843695186634	57.302037997644511
62.105315243572477	30.846985933108154	48.229263639092672
64.016076573587171	18.342005777753524	44.763772206384395
61.723396215138720	5.901380619825275	48.229263639092672
57.373124882474698	0.000000000000000	55.251727833925209
48.183158347118415	0.000000000000000	70.401354899130965
43.917331483352307	6.173992763615241	77.589378207883470
25.394700291043975	74.845961512134380	45.885489407822817
45.918565267643480	73.445790397660318	48.617909068128029
62.625378558246439	83.463998372119931	55.771476610335505
69.133705329540987	101.073970495634839	64.613772374140041
62.957585964783483	119.549295957960553	71.767339916347524
46.456088142734878	131.833028385705006	74.499759576652735
25.932223166135373	133.233199500179069	71.767339916347524
9.225409875532414	123.214991525719469	64.613772374140041
2.717083104237858	105.605019402204547	55.771476610335512
8.893202468995359	87.129693939878834	48.617909068128029
138.391168167989179	177.050139343078513	150.600873104360716
143.989595485738818	174.589960007057726	152.560312598926089
147.730701753961938	173.629367867773681	157.690191794597183
148.185511533722632	174.535276473106961	164.031071196808568
145.180302947568123	176.961659526521231	169.160950392479663
139.862963532126457	179.981721171339018	171.120389887045036
134.264536214376818	182.441900507359804	169.160950392479663
130.523429946153698	183.402492646643850	164.031071196808568
130.068620166393004	182.496584041310570	157.690191794597183
133.073828752547513	180.070200987896300	152.560312598926089
40.279494563088370	123.400538241162451	20.443714001590426
42.384136081282271	115.823138631496889	21.730555399008999
40.085853138306106	108.976954803399195	25.099549915581246
34.262511702612628	105.476996285972803	29.263856153888579
27.138430274541133	106.660128273659922	32.632850670460826
21.434765820993043	112.074434560341274	33.919692067879403
19.330124302799142	119.651834170006836	32.632850670460826
21.628407245775307	126.498017998104530	29.263856153888582
27.451748681468786	129.997976515530922	25.099549915581246
34.575830109540277	128.814844527843803	21.730555399009003
30.680379841212876	39.935381236115120	160.805741308392527
25.655447602990172	35.249343404307815	159.378155183982273
19.819754077144996	34.143493829545889	155.640686188408466
15.402335842622488	37.040229462943778	151.020920446081419
14.090496522486694	42.833095748966450	147.283451450507613
16.385314149250931	49.309414658636612	145.855865326097359
21.410246387473634	53.995452490443917	147.283451450507613
27.245939913318811	55.101302065205843	151.020920446081419
31.663358147841315	52.204566431807947	155.640686188408466
32.975197467977111	46.411700145785282	159.378155183982273
112.872364739278268	134.896927770131526	36.106767591757844
98.519924986342602	125.902748886010571	31.069497477749451
91.426447988653877	116.520432892388172	17.881753108761416
94.301400860913589	110.333705605636354	1.580804598802137
95.709294603908603	110.258425455246240	0.000000000000000
142.771534879198867	132.128101712700868	0.000000000000000
143.621824416643392	133.252752589693188	1.580804598802130
140.746871544383680	139.439479876445006	17.881753108761409
129.001623083324574	140.067498911913475	31.069497477749447
171.197884628975885	45.536408267827611	92.326548265055948
155.970413474149240	42.803138663960766	95.539139837356913
143.576938919621398	47.836004412990356	103.949813765612333
138.751347006515033	58.712621859602265	114.345978477521214
143.336849829800173	71.278492821820848	122.756652405776634
155.581941166490481	80.733881690323955	125.969243978077600
170.809412321317126	83.467151294190799	122.756652405776634
183.202886875844968	78.434285545161217	114.345978477521214
188.028478788951332	67.557668098549300	103.949813765612333
183.442975965666193	54.991797136330710	95.539139837356913
125.073969908226672	48.039918826938177	151.380002983966676
123.583416176869022	51.681351759658156	151.415855336263974
120.238129159169176	53.750968677791285	151.509718013154895
116.315894793764727	53.458246262302517	151.625738662342201
113.314873296397280	50.914994526639596	151.719601339233122
112.381352878092116	47.092649191878593	151.755453691530420
113.871906609449766	43.451216259158613	151.719601339233122
117.217193627149612	41.381599341025485	151.625738662342201
121.139427992554062	41.674321756514253	151.509718013154895
124.140449489921508	44.217573492177166	151.415855336263974
167.892504010537067	196.449126889822821	54.375630920592926
162.939124988362352	200.000000000000000	56.029062683972555
136.318563358646969	200.000000000000000	86.280761810523032
137.876810848232111	189.454880771281182	96.316421687246887
147.187384813136646	176.049919197554630	100.744228780167333
160.452284674185705	166.540859621267145	96.316421687246887
172.604769541822293	164.559839599512884	84.724272222353278
179.003003244377965	170.863541448207911	70.395587478406981
177.203077975441630	183.044165316096269	58.803438013513372
78.126741533549676	112.162891636665691	53.697610270922617
73.521249721317233	119.461357871101825	56.494706160030276
70.352418386128633	123.778262870287392	63.817598267506732
69.830633393410224	123.464695650737852	72.869190704244332
72.155198875560828	118.640428232563309	80.192082811720795
76.438209827473685	111.148166798687740	82.989178700828461
81.043701639706129	103.849700564251606	80.192082811720795
84.212532974894728	99.532795565066039	72.869190704244332
84.734317967613137	99.846362784615593	63.817598267506739
82.409752485462533	104.670630202790136	56.494706160030276
73.529546876245703	77.797577463660133	15.886087196376401
60.929841640213809	78.125599621930277	17.508348798744308
51.292558412132209	85.237316077264850	21.755484812387355
48.298811825918776	96.416292862077967	27.005233634937635
53.092111323803074	107.392540804017031	31.252369648580682
63.841579415851108	113.973506258207408	32.874631250948589
76.441284651883009	113.645484099937264	31.252369648580682
86.078567879964609	106.533767644602690	27.005233634937635
89.072314466178042	95.354790859789574	21.755484812387358
84.279014968293751	84.378542917850510	17.508348798744308
154.800891310087366	144.612816166918634	36.284579319472755
149.294586509387358	146.639809195521138	34.663947922896163
146.250796184421262	149.768379210339219	30.421079843423438
146.832144784698016	152.803518801896189	25.176606477631172
150.816576904224064	154.585907806817715	20.933738398158447
156.682174899207268	154.434734206397906	19.313107001581855
162.188479699907276	152.407741177795401	20.933738398158447
165.232270024873372	149.279171162977320	25.176606477631172
164.650921424596646	146.244031571420351	30.421079843423438
160.666489305070570	144.461642566498824	34.663947922896163
149.163305515443653	167.798306274089725	122.573185409591545
165.367352831878549	170.429933835510695	125.369409168384649
178.962458030164214	164.193165344218386	132.690018009054967
184.755753005185881	151.470234383922076	141.738788172809421
180.534395983339266	137.120868144936594	149.059397013479725
167.910801868321727	126.626036813534142	151.855620772272829
151.706754551886803	123.994409252113172	149.059397013479753
138.111649353601138	130.231177743405482	141.738788172809421
132.318354378579500	142.954108703701792	132.690018009054967
136.539711400426114	157.303474942687302	125.369409168384649


0.000000000000000	159.423631123919307	124.841498559077792
200.000000000000000	159.423631123919307	124.841498559077820
0.000000000000000	132.499999999999972	39.583333333333336
200.000000000000000	132.500000000000000	39.583333333333336
126.441875542872765	168.829078203133321	154.625414309922235
180.000000000000000	173.292394026010868	168.759247749034444
116.960712518974020	148.975009219447344	91.754195861583312
137.385548814462197	144.217719484500691	76.689445034252259
15.430824531434506	172.133966360480997	165.090893474856585
41.773913893386485	172.040546941341859	164.795065314249285
47.487015379344946	123.389555775165874	10.733593288025343
90.164418566006191	127.919130471103486	25.077246491827779
55.768941677683216	158.064307299363776	120.536973114652042
55.885916590878836	158.067970013013905	120.548571707877429
49.964042391759328	150.187632349061573	95.594169105361772
106.710650047589979	129.484930715303278	30.035613931793815
41.993606452572656	156.312148034901497	114.988468777188103
91.048694618421138	164.097793800599277	139.643013701897758
23.521707571771110	130.317614139493060	32.672444775061422
24.780272969536352	123.157894736842081	10.000000000000000
44.867336305547241	158.745846564189634	122.695180786600574
123.243710618893445	157.532237793943636	118.852086347488211
36.719408141577503	123.157894736842081	10.000000000000000
38.382202815713853	147.646283205989704	87.546563485634124
10.000000000000000	155.116218409425812	111.201358296515139
56.152038153529041	150.056588643057466	95.179197369682072
93.355186427370157	146.693424024144605	84.529176076457958
121.821241405407250	145.311991822493638	80.154640771229964
147.855244971215939	151.342360931135204	99.250809615261545
180.000000000000000	153.063066088868084	104.699709281415650
41.209116624404999	123.679835880905046	11.652813622866036
49.182202502602308	123.157894736842081	10.000000000000000
41.880093952717885	132.731731451786800	40.317149597324963
42.742237798684272	137.044424581237166	53.974011173917781
18.677205702359544	161.989564830529730	132.966955296677583
21.575429599643318	158.823867347190571	122.942246599436913
23.942693020573991	144.481327564470263	77.524203954155880
45.488353525653402	144.419289580789837	77.327750339167920
56.445845548637976	119.999999999999972	0.000000000000000
82.753570285874545	130.168475493366117	32.200172395659415
139.912917128374573	147.573431807048991	87.315867388988551
146.152943869998523	144.236220832229066	76.748032635392065
127.219149499287553	154.132159724326357	108.085172460366834
182.177946771336622	151.984025821804437	101.282748435714055
191.687742522648790	175.416791948290381	175.486507836252883
197.858242544911491	180.000000000000000	190.000000000000000
122.441893741688361	134.638391241595230	46.354905598384924
164.390222983158367	131.360289897478310	35.974251342014682
89.790453710901090	155.544060787150300	112.556192492642708
96.333287180633292	156.914330327759103	116.895379371237240
66.599963950627412	134.225881495102044	45.048624734489842
93.281643618686260	135.719186728675339	49.777424640805265
24.946077044283115	128.492011789731293	26.891370667482505
36.799654592195758	126.703839054962685	21.228823674048598
106.097321926871260	130.651242154910420	33.728933490549743
116.672582605420700	120.000000000000000	0.000000000000000
139.076961811247656	159.412859549360121	124.807388572973821
179.814343868087775	162.322298290376523	134.020611252858998
0.000000000000000	45.283018867924511	151.698113207547181
200.000000000000000	45.283018867924525	151.698113207547181
0.000000000000000	29.459459459459453	56.756756756756758
200.000000000000000	29.459459459459460	56.756756756756765
10.097340622346845	43.797895433169955	142.787372599019733
52.318919872281491	36.354985334484098	98.129912006904590
35.252877565834687	39.407907542162256	116.447445252973537
38.035349300961002	38.267091349888943	109.602548099333660
105.986871515564502	21.666666666666668	10.000000000000000
132.037715405709832	33.040197984446607	78.241187906679627
99.410434491599432	50.000000000000000	180.000000000000000
113.588657538523194	41.850064003138257	131.100384018829516
33.715676305425937	47.283031497426492	163.698188984558925
64.592546288775452	48.990434270650120	173.942605623900732
142.649050689938178	47.209545845287685	163.257275071726099
145.757452466467527	50.000000000000000	180.000000000000000
106.663837530013396	23.650170271434554	21.901021628607321
122.991101940799595	24.688722332322271	28.132333993933631
65.674180666705510	26.952781602234346	41.716689613406082
75.878325374962202	25.850696569395879	35.104179416375267
145.088330251322446	43.055983958280862	138.335903749685173
162.772648999639671	48.474973730851474	170.849842385108843
15.838285837624484	27.245902077039361	43.475412462236164
21.048308081865919	32.082849272899857	72.497095637399127
162.761742258219414	45.518164090500370	153.108984543002180
169.323744371692555	44.745955086742157	148.475730520452942
155.152618109894092	31.440147554197836	68.640885325187028
168.128847800038216	31.966101356536921	71.796608139221533
110.684395827928881	24.217330225725007	25.303981354350029
155.268811918290368	25.129762970973545	30.778577825841246
76.816756496574612	27.235083959876516	43.410503759259093
79.712892849782236	34.226411351301309	85.358468107807866
148.491290967187865	48.052005558050254	168.312033348301497
150.079007464147338	43.857605166931748	143.145631001590459
12.000476715950928	45.920317231194431	155.521903387166503
84.285524274939647	43.385470720653181	140.312824323919017
123.182742787475661	37.990393129135626	107.942358774813769
159.706209369661764	37.897093368539103	107.382560211234619
119.107911087749315	20.000000000000000	0.000000000000000
155.461980935204366	24.481281854351874	26.887691126111243
145.811245175513022	30.014566412360473	60.087398474162839
183.968373766515725	29.911508664826261	59.469051988957567
123.626715173880640	37.442818104085390	104.656908624512297
172.773382896619609	36.869302481402315	101.215814888413888
99.406983792263134	36.385855351915694	98.315132111494208
160.955466313150708	35.175918365293910	91.055510191763489
8.521794809904666	48.924724775958921	173.548348655753529
19.401112575475320	49.508852736509198	177.053116419055129
145.792921694367180	32.858592832304907	77.151556993829431
200.000000000000000	32.135467798626451	72.812806791758717
45.413895847876461	32.631675343203781	75.790052059222674
62.555279197680932	27.902196215855572	47.413177295133430
14.676362831059169	44.486498184303585	146.918989105821510
32.944255774866527	46.548333564300435	159.290001385802640
113.119391035968576	45.289616938054742	151.737701628328409
124.388782767010682	45.234386327263358	151.406317963580136
26.430058322614165	35.508036479987787	153.998109063532269
54.090091781409761	28.478887647732048	155.652026435827736
78.958804746472040	23.870382923130219	156.736380488675223
141.170239110244580	70.354010607861412	145.799056327561999
149.101440064743031	145.785770520234678	128.050406936415357
180.000000000000000	142.676370889318576	128.782030378983848
155.407595756151721	84.538444188440309	142.461542543896371
180.000000000000000	102.302923207639779	138.281665127614133
143.314762585055973	36.464376012898356	153.773087996965074
151.752704835183948	10.000000000000000	160.000000000000000
133.391104491189054	29.629962564066446	155.381185279043166
179.545165107197903	67.724078821927350	146.417863806605311
164.427502078209585	43.236810662775724	152.179573961699816
170.831214688676823	82.653114852504217	142.905149446469579
154.990684765168112	24.583295682943042	156.568636309895737
168.030785190900019	36.098190277849675	153.859249346388282
47.207599717097636	80.517875197559448	143.407558777044812
79.827153177090793	135.926744833574560	130.370177686217744
146.557150017886471	51.274052441670712	150.288458249018618
167.103067761423574	10.000000000000000	159.999999999999972
37.993060437346415	152.640057870314507	126.437633442278909
96.932496234167502	169.577925424425388	122.452252841311648
18.823644403357033	81.540797237731908	143.166871238180704
38.650068417310429	18.207025713903128	158.068935126140417
15.898675407097446	156.867554232369940	125.442928415912931
23.791895286263589	160.802225516744869	124.517123407824712
39.429524459932736	148.305017487558587	127.457642944103839
44.373401360412075	155.766138869645516	125.702084971848095
124.767269519786893	102.211593003529018	138.303154587404919
124.906850977469844	90.182939833569108	141.133425921513123
189.468155288408809	130.099687242695012	131.741250060542313
193.755347106262633	135.099395487414029	130.564848120608445
18.337431431748843	35.115531476684318	154.090463181956608
24.862141181724699	54.649578066682537	149.494216925486427
113.188087658185268	45.121790621402177	151.736049265552396
124.716601527626807	46.576656389832664	151.393727908274656
137.661686943599193	158.236247651970814	125.120882905418611
150.576183780498610	168.027765575870461	122.816996335089271
121.491701339361640	69.192502378545029	50.134582936909162
124.984290227926493	10.000000000000000	60.000000000000000
24.949074927602396	61.559295948625895	51.406784008562354
43.307765773880099	53.087477608302414	52.818753731949599
62.363876105913505	54.628332253071477	52.561944624488085
97.861743394091803	99.527389550670122	45.078768408221649
13.814930352177543	22.606508535041751	57.898915244159710
46.793010022967408	73.880409662626278	49.353265056228949
128.609531583178352	45.934454918365468	54.010924180272426
180.000000000000000	83.860243494716784	47.689959417547200
59.208223919299790	36.207891193835330	55.632018134360777
104.668135011340325	19.651844438645551	58.391359260225741
88.104911941825719	180.000000000000000	31.666666666666671
103.697708825891624	108.379067090465767	43.603488818255698
30.859965270471019	122.640954047591407	41.226507658734761
46.190573672709128	103.067347177323711	44.488775470446051
13.770840960777109	175.235801579969831	32.460699736671693
55.190014173742426	100.177988039291890	44.970335326784685
59.379854408362796	10.000000000000000	60.000000000000000
108.037838875869866	22.323817788777383	57.946030368537102
36.128584721346932	97.232295810281727	45.461284031619712
42.181341876369387	79.815776869452478	48.364037188424582
37.078007744657597	157.838798590617557	35.360200234897071
41.793026296476718	132.717077342408516	39.547153776265247
81.799856957780008	46.914506759962642	53.847582206672890
115.221325729365134	63.717827846655531	51.047028692224075
36.406442003778402	93.917534550961790	46.013744241506366
81.319308813177813	127.000298397249765	40.499950267125037
174.630917239476020	68.919552345789000	50.180074609035167
176.253739124567659	63.661889764464689	51.056351705922552
125.918849711536595	32.413811568538193	56.264364738576965
131.673533400908980	34.394043859521929	55.934326023413014
167.759901413488592	19.780699386858934	58.369883435523512
167.807241838887819	19.783195287381584	58.369467452103066
124.152397571787731	147.991423866749443	37.001429355541759
161.668288122536808	125.336627285738146	40.777228785710307
54.645860163242730	10.000000000000000	60.000000000000000
57.798363467686762	37.080499375349014	55.486583437441830
13.978107658376286	83.344485140023949	47.775919143329340
47.448116187027303	74.362982620460343	49.272836229923278
35.210586993968796	39.205671022669321	116.609805562759675
36.746801701509511	40.025884819816412	112.445532084161925
111.023349281591550	19.150283431791934	23.248885904090660
111.797363507796405	41.468544948978220	25.017084666461802
118.929480688042730	10.000000000000000	44.108001326685937
119.912708960991125	23.901173970170696	46.524641206959039
108.074024902620593	40.785766107177551	15.252531263542714
112.191126570049832	22.914917252877331	26.269517858078622
123.869710397181052	32.025722179412398	56.814676508453793
129.060215600469235	43.906886873324019	70.297950004048815
28.638883505252135	36.176086210199252	154.810594918140225
55.159454406622920	23.146286618152082	152.914980567995059
84.327917074847903	31.790945153541657	165.470171785862220
95.789302215760273	41.020046831831870	165.102336619785007
113.022985460309386	49.719845404385140	151.730811448112917
117.801084465280070	53.569088263978799	151.581806389611302
140.546578690666479	179.593451821045676	170.868477711411316
146.431043142097508	175.951821199088045	167.025941816813344
145.438198754403572	149.511049377618889	132.346635345361420
180.000000000000000	151.574950918687989	140.401451573258754
136.258498138892975	74.904311003055881	90.701216799224923
141.547382710782102	84.364426791090935	80.570654901937729
129.881886193785618	62.897047156919228	107.220098434050314
135.483914714580521	71.332973001131606	107.827333653330612
17.434023879846247	30.352294570386597	37.242054401891266
41.134705810911711	64.449907107979769	56.710867348640548
143.252739688248568	37.465479590256550	154.656708615064360
146.427493691176977	36.643231357924797	167.525399673143056
149.136104679746410	10.000000000000000	148.612877956906317
149.414551930893509	14.931088878283139	155.506567384545718
79.620246449081932	165.896068735514120	117.891367919290474
80.964017883333383	166.684386342283631	116.018300420468805
82.980136676695693	163.644601031972343	119.576451318975927
88.012823142044752	161.850199049697977	119.720548169706774
57.668525208705702	93.883457934932480	67.944903174546027
69.782736538929285	104.127865229841532	63.773900064427167
50.358118440184462	89.991981129710766	96.398631766737623
62.000832301959122	98.417583492651687	76.310111188691351
60.240101533221747	95.299117325543605	58.465200343129922
62.501576211718984	99.358976988464349	82.002415606897770
56.736691462676127	92.249900855582652	58.691418174399779
68.453929904350005	103.107459727296970	65.401130767079309
168.947738973156277	87.994180191492347	72.697660000144268
171.410772183020640	79.833877098885523	67.052434491008924
108.487159439751650	96.081207397219089	95.019385820299462
115.164820098330921	88.823109734408959	89.783926578814004
59.945877934399341	126.163590767112566	161.776310255953348
60.969490970447815	128.453452804227709	161.905725730251845
47.706449607679573	146.990075336234980	163.190654019732790
63.342888635542323	151.225197881377454	163.278669295284971
10.000000000000000	143.812796399053724	163.410665527545831
12.024139472221664	144.206254832305063	163.412549620470543
104.919388363606487	29.200583238488203	21.609674869811435
122.025538170584582	22.829512569543866	27.644926213770923
65.110593126181584	31.664612564464285	43.563121108092524
69.324798394930752	29.446396736562583	40.270731113560913
56.759061346161523	107.064047379148207	72.700660029708601
62.564451918391427	93.053571018031192	64.676339372176116
65.773668922309994	110.775466792679524	68.351060433555915
67.860250667287545	97.628307441076402	62.883640627359135
75.725293434031713	114.872667042050622	63.549344819026430
82.247339684252879	104.954738550990200	56.388639613924653
109.235153941389569	88.420380157218716	87.948508960106992
114.300652190461250	86.801847453304632	87.658015155890567
81.360764053867740	99.121450796601479	91.246422873215238
81.392350439459307	101.528766912279465	93.533738079041854
159.493368144424124	49.994389533155982	154.932573663451791
176.196168722711150	66.521544755842072	140.951099003077019
149.537071580321111	44.998832195570706	144.244753966224607
152.580784559678250	39.953556185265285	173.257576151611943
61.927821301884265	98.441973939474238	76.347439983233585
64.987082040788835	93.582385222492690	79.188318347971943
173.362991311827528	73.081712846104836	51.593755612856683
179.301946229768816	54.056670942909776	63.153268011855246
132.890281178509667	37.520358309848667	59.560765464514027
137.767279003431014	39.562784350963774	59.778255870053307
141.522233874308796	38.558043507130748	61.298865734667501
179.672203541897829	54.788714517920752	62.866842549526908
156.425974900820052	45.941220729392718	61.364080155507551
170.855405773737118	37.356836883309455	69.687384087193692
157.162675335090199	30.323912495807107	164.456368878440315
160.540945691017214	22.537348346888130	140.260730758699879
47.652850636586138	122.912469771285828	10.475323078056471
66.529088536082568	114.172396215055912	10.000000000000000
57.368304707797279	118.050610530437481	10.000000000000000
81.880301700916178	131.407705453886081	25.065501745720695
91.824957000696102	117.047528064262949	18.622635891811715
93.136032953369849	118.139143113479008	19.667865815014693
111.020067119327010	71.953824138913774	101.856559398649736
121.243102182211430	74.214352344639195	96.398979892760167
124.714130430391791	60.516793592177549	107.294999346535874
151.719021287769010	53.209099838502908	104.582108722489437
141.439146687082513	52.654469942682411	108.555433256342710
147.173434202063561	52.706901150277844	106.565513504224910
59.299697248760708	94.311623542876546	131.982207539033766
59.760635421842863	95.178361881136084	131.879838172282177
66.079425508912834	109.444905322822876	132.806894528084285
82.649142213140578	137.045099162913715	125.650983448305453
46.295591698634027	74.368834030112225	139.277194425438665
61.449617516740531	96.106083573879701	129.307844743678572
100.032630208460205	20.382728745855957	53.139944879674331
102.546550871639170	20.890909553891582	60.683983393232857
161.092820700324978	21.926193621573177	153.352273710406678
166.042592034987990	11.075780434656691	132.300320471245982
40.421804728249498	154.869395562963859	119.486808927296806
48.074663386869098	156.848870955360752	119.943355539209776
53.055368923266165	97.225115581333085	130.822916091560558
54.500586040735691	93.625876429444659	131.599383946941913
49.639856077346316	148.465497259849343	96.804736281774581
53.896655702895558	142.609387340690034	93.841685678973690
85.648910259288428	147.031697287370321	49.887550504473985
92.015653924934497	130.630069176957278	48.927730011745481
104.353062220708225	129.558174767925863	33.116751350079376
106.695949004544417	129.277453594246111	30.149284596697022
46.199686614237045	155.570347297613438	123.348264957444130
86.946862633497958	167.768496845904878	118.428883170943436
43.148684416657922	154.342324748580268	125.111132797896119
45.683144485422204	151.718443605334727	139.795867659970980
38.773367391523806	110.012496123999597	32.479409253225342
52.971261662471989	89.381029756792969	25.155630732133879
38.588520157632466	104.816750470223909	10.000000000000000
46.727097839347152	101.984412811448152	42.959034036409335
10.000000000000000	143.993456135107778	14.971165663302486
19.980970905757943	132.206181918989898	21.044953297752233
24.248921560392485	128.073005742986766	27.389910717502804
38.899519705162746	108.263941862343074	25.947904038537310
48.491233661847701	95.697768706878392	26.667808179071464
53.934497980715861	87.436808459135236	22.409244644774773
167.249120656834606	20.571954071050378	144.867094772632043
176.819749874439168	20.894241574653584	135.214749327772353
42.781646391902072	142.714474470822665	97.393525666661930
48.597026170186645	129.601243423157115	91.936519354366169
41.003308248148919	116.684298844321873	14.906255869205177
44.703708209140913	110.308769434600890	16.948783729906253
33.697359388482681	152.898027281618226	77.060811082383310
41.434466488150328	138.249398424358418	77.638810011509023
47.765722963270086	107.350568309437335	25.131112637042463
55.615496603118181	104.200771662000349	58.528483211687423
25.743328579250885	147.071405182400781	17.955709110657232
34.467802399346823	132.662007714376955	24.514624333708763
44.047585161987953	131.997340337016880	74.179106478223176
60.970856461418158	94.593137693050210	60.417926784095172
37.092842281678628	126.425525356239206	21.162675663569939
42.043881822077907	117.048165539212135	21.522513667147742
81.898844079456936	14.810101437926017	112.223470241085266
84.529383019428025	15.475485282107810	112.163860767451126
58.912023637491274	10.000000000000000	52.967244724405049
62.672894169598180	11.053580792920350	46.794053966524054
98.666634192985228	163.101743575111044	90.259663897190819
133.580813815712588	156.058656343072414	82.793133881118237
121.697643564459753	164.124623870886950	87.561209208824664
141.772985188878607	163.545197041214891	84.631209873080365
108.936069260299377	55.325071698946807	95.216537837228145
116.567316570377102	60.152252977806128	92.648106259246177
21.711102679519030	34.501899739383141	156.852000101637145
25.434477677857203	54.758034425479615	149.860769743905877
160.996867944356723	166.357893584671842	98.689624591355681
180.000000000000000	176.100044533702203	100.210739436511261
147.254209814495454	156.820492635426149	98.075193087369939
178.659894117993417	150.640601014810869	104.930607684833888
149.295675747540997	180.000000000000000	93.925795845399065
157.024885475327551	168.997820737827340	97.460483281525200
36.831999392951197	94.065790928289204	46.597056451167333
46.554571550333563	107.167622167193258	22.551566931172140
48.395630779904877	96.638000027444889	27.091020735547374
60.714021769711884	81.318824593815989	18.932893173767784
46.462714344795870	108.445977844818088	17.384725881892336
58.077382559537952	118.550288097912585	10.000000000000000
121.390712655295658	160.932280883731039	94.550010305281987
130.509034034258377	159.770596431199920	95.168216829770913
76.417480575487332	122.314966267791092	45.235904779193490
78.741862368181017	123.801892951778015	45.816930172544453
175.477477594248143	66.535723480303915	64.505597002928710
180.731861510630296	49.377422945404277	62.125771985082515
117.332025618164963	0.000000000000000	104.649723051643321
120.076274622689269	0.584103473289857	104.176434804936960
155.771122449819558	45.438600146277558	61.994047040877078
189.042038931902084	43.351073724574050	61.187502676055281
143.269642536758823	48.528633474732189	104.611847329398842
170.703757551474325	60.036217747437441	104.081546937536515
191.330032240028373	157.995323219777532	174.268204724026020
191.886900936795683	159.533730922377543	175.602716313250539
185.857975640143025	193.686428929841924	66.857809550908641
191.189598666753625	200.000000000000000	68.015221501937987
146.480283394980631	150.966499784110454	28.350825330046106
153.609336727689254	150.824257857676400	26.311946470706101
154.141349716489941	14.895695605407184	96.645786347626398
162.684265623770898	15.157732691654513	95.537335048636123
167.772820867489145	187.000974266756970	65.089918411499028
178.031140943859697	177.440419576592319	64.136453701391432
/

DFN_FRACTURES
--NumPts [PtsId=1...NumPts]
98
4	0	1	2	3
4	4	5	6	7
4	8	9	10	11
4	12	13	14	15
5	16	17	18	19	20
5	21	22	23	24	25
5	26	27	28	29	30
4	31	32	33	34
5	35	36	37	38	39
5	40	41	42	43	44
4	45	46	47	48
4	49	50	51	52
4	53	54	55	56
4	57	58	59	60
3	61	62	63
4	64	65	66	67
4	68	69	70	71
4	72	73	74	75
4	76	77	78	79
4	80	81	82	83
6	84	85	86	87	88	89
4	90	91	92	93
4	94	95	96	97
4	98	99	100	101
5	102	103	104	105	106
4	107	108	109	110
4	111	112	113	114
5	115	116	117	118	119
4	120	121	122	123
5	124	125	126	127	128
6	129	130	131	132	133	134
4	135	136	137	138
4	139	140	141	142
4	143	144	145	146
4	147	148	149	150
4	151	152	153	154
6	155	156	157	158	159	160
4	161	162	163	164
5	165	166	167	168	169
4	170	171	172	173
5	174	175	176	177	178
5	179	180	181	182	183
4	184	185	186	187
5	188	189	190	191	192
4	193	194	195	196
5	197	198	199	200	201
5	202	203	204	205	206
4	207	208	209	210
6	211	212	213	214	215	216
4	217	218	219	220
5	221	222	223	224	225
4	226	227	228	229
4	230	231	232	233
3	234	235	236
10	237	238	239	240	241	242	243	244	245	246
10	247	248	249	250	251	252	253	254	255	256
10	257	258	259	260	261	262	263	264	265	266
10	267	268	269	270	271	272	273	274	275	276
10	277	278	279	280	281	282	283	284	285	286
9	287	288	289	290	291	292	293	294	295
8	296	297	298	299	300	301	302	303
10	304	305	306	307	308	309	310	311	312	313
10	314	315	316	317	318	319	320	321	322	323
10	324	325	326	327	328	329	330	331	332	333
10	334	335	336	337	338	339	340	341	342	343
10	344	345	346	347	348	349	350	351	352	353
10	354	355	356	357	358	359	360	361	362	363
10	364	365	366	367	368	369	370	371	372	373
10	374	375	376	377	378	379	380	381	382	383
10	384	385	386	387	388	389	390	391	392	393
7	394	395	396	397	398	399	400
6	401	402	403	404	405	406
10	407	408	409	410	411	412	413	414	415	416
8	417	418	419	420	421	422	423	424
10	425	426	427	428	429	430	431	432	433	434
9	435	436	437	438	439	440	441	442	443
10	444	445	446	447	448	449	450	451	452	453
10	454	455	456	457	458	459	460	461	462	463
9	464	465	466	467	468	469	470	471	472
10	473	474	475	476	477	478	479	480	481	482
10	483	484	485	486	487	488	489	490	491	492
10	493	494	495	496	497	498	499	500	501	502
8	503	504	505	506	507	508	509	510
10	511	512	513	514	515	516	517	518	519	520
10	521	522	523	524	525	526	527	528	529	530
10	531	532	533	534	535	536	537	538	539	540
10	541	542	543	544	545	546	547	548	549	550
10	551	552	553	554	555	556	557	558	559	560
10	561	562	563	564	565	566	567	568	569	570
10	571	572	573	574	575	576	577	578	579	580
9	581	582	583	584	585	586	587	588	589
10	590	591	592	593	594	595	596	597	598	599
10	600	601	602	603	604	605	606	607	608	609
9	610	611	612	613	614	615	616	617	618
10	619	620	621	622	623	624	625	626	627	628
10	629	630	631	632	633	634	635	636	637	638
10	639	640	641	642	643	644	645	646	647	648
10	649	650	651	652	653	654	655	656	657	658
/

DFN_INTERSECTIONS
--FracID1 FracID2 [PtsID 1,2]
191
0	2	659	660
0	3	661	662
0	9	663	664
0	19	665	666
0	20	667	668
0	32	669	670
0	37	671	672
0	38	673	674
0	39	675	676
0	40	677	678
0	41	679	680
0	43	681	682
0	44	683	684
0	46	685	686
0	49	687	688
0	53	689	690
0	54	691	692
0	56	693	694
0	57	695	696
0	59	697	698
0	65	699	700
0	66	701	702
0	70	703	704
0	72	705	706
0	74	707	708
0	80	709	710
0	88	711	712
0	90	713	714
0	97	715	716
1	2	717	718
1	3	719	720
1	4	721	722
1	5	723	724
1	6	725	726
1	8	727	728
1	12	729	730
1	14	731	732
1	21	733	734
1	22	735	736
1	24	737	738
1	26	739	740
1	27	741	742
1	29	743	744
1	30	745	746
1	35	747	748
1	36	749	750
1	48	751	752
1	52	753	754
1	67	755	756
1	68	757	758
1	69	759	760
1	75	761	762
1	76	763	764
1	84	765	766
1	85	767	768
1	89	769	770
1	92	771	772
2	7	773	774
2	8	775	776
2	9	777	778
2	13	779	780
2	14	781	782
2	24	783	784
2	27	785	786
2	31	787	788
2	34	789	790
2	36	791	792
2	39	793	794
2	48	795	796
2	56	797	798
2	79	799	800
2	81	801	802
2	83	803	804
2	89	805	806
2	92	807	808
2	97	809	810
3	6	811	812
3	11	813	814
3	22	815	816
3	26	817	818
3	29	819	820
3	35	821	822
3	38	823	824
3	40	825	826
3	43	827	828
3	45	829	830
3	50	831	832
3	54	833	834
3	58	835	836
3	59	837	838
3	61	839	840
3	63	841	842
3	68	843	844
3	72	845	846
3	85	847	848
3	86	849	850
4	5	851	852
6	21	853	854
6	28	855	856
6	30	857	858
6	63	859	860
7	48	861	862
8	15	863	864
8	92	865	866
9	87	867	868
9	97	869	870
10	33	871	872
10	69	873	874
11	26	875	876
14	24	877	878
14	73	879	880
16	39	881	882
16	41	883	884
17	22	885	886
17	25	887	888
17	43	889	890
17	86	891	892
18	61	893	894
19	23	895	896
20	34	897	898
20	39	899	900
20	60	901	902
21	30	903	904
22	35	905	906
22	43	907	908
22	86	909	910
22	94	911	912
23	33	913	914
23	34	915	916
24	27	917	918
24	36	919	920
25	43	921	922
29	61	923	924
29	63	925	926
29	68	927	928
29	84	929	930
31	36	931	932
32	53	933	934
32	59	935	936
32	90	937	938
33	47	939	940
33	69	941	942
33	91	943	944
34	37	945	946
34	41	947	948
34	48	949	950
35	45	951	952
36	73	953	954
37	39	955	956
37	48	957	958
38	44	959	960
38	80	961	962
38	90	963	964
39	41	965	966
39	79	967	968
40	50	969	970
40	59	971	972
40	77	973	974
40	88	975	976
40	95	977	978
42	73	979	980
43	44	981	982
43	53	983	984
43	57	985	986
43	59	987	988
43	77	989	990
43	86	991	992
43	88	993	994
45	82	995	996
45	85	997	998
46	55	999	1000
46	66	1001	1002
47	51	1003	1004
48	89	1005	1006
49	64	1007	1008
49	66	1009	1010
49	93	1011	1012
50	59	1013	1014
50	95	1015	1016
53	59	1017	1018
55	66	1019	1020
59	80	1021	1022
61	68	1023	1024
62	75	1025	1026
68	84	1027	1028
69	91	1029	1030
70	83	1031	1032
71	78	1033	1034
72	96	1035	1036
75	84	1037	1038
78	93	1039	1040
/

