--DFN Genetrated by ADFNE 1.5
--Writer Created by Bin Wang(binwang.0213@gmail.com)

DFN_INFO
--Dimension,NumPts,NumFracs,NumInts,NumClusters
3 22 4 3 1
/

DFN_CLUSTERS
--NumFrac FracIDlist[1,5,10..]
1
4	1	2	3	4
/

DFN_POINTS
--[x,y,z]
22
0.000000000000000	-0.500000000000000	0.500000000000000
0.000000000000000	0.500000000000000	0.500000000000000
0.000000000000000	0.500000000000000	-0.500000000000000
0.000000000000000	-0.500000000000000	-0.500000000000000
0.500000000000000	-0.500000000000000	0.200000000000000
0.500000000000000	0.500000000000000	0.200000000000000
-0.200000000000000	0.500000000000000	0.200000000000000
-0.200000000000000	-0.500000000000000	0.200000000000000
0.200000000000000	-0.500000000000000	0.000000000000000
0.200000000000000	0.500000000000000	0.000000000000000
-0.500000000000000	0.500000000000000	0.000000000000000
-0.500000000000000	-0.500000000000000	0.000000000000000
0.500000000000000	-0.500000000000000	-0.200000000000000
0.500000000000000	0.500000000000000	-0.200000000000000
-0.200000000000000	0.500000000000000	-0.200000000000000
-0.200000000000000	-0.500000000000000	-0.200000000000000


0.000000000000000	-0.500000000000000	0.200000000000000
0.000000000000000	0.500000000000000	0.200000000000000
0.000000000000000	-0.500000000000000	0.000000000000000
0.000000000000000	0.500000000000000	0.000000000000000
0.000000000000000	-0.500000000000000	-0.200000000000000
0.000000000000000	0.500000000000000	-0.200000000000000
/

DFN_FRACTURES
--NumPts [PtsId=1...NumPts]
4
4	0	1	2	3
4	4	5	6	7
4	8	9	10	11
4	12	13	14	15
/

DFN_INTERSECTIONS
--FracID1 FracID2 [PtsID 1,2]
3
0	1	16	17
0	2	18	19
0	3	20	21
/

