--DFN Genetrated by PyGeoMesh 

DFN_INFO
--Dimension,NumPts,NumFracs,NumInts,NumClusters,NumWells
3 160 15 45 1 2
/

DFN_CLUSTERS
--NumFrac FracIDlist[1,5,10..]
1
15	1	2	3	4	5	6	7	8	9	10	11	12	13	14	15
/

DFN_POINTS
--[x,y,z]
160
114.698225927911821	58.834404365042339	80.000000000000000
140.171027839865985	51.652691072474433	46.969222304552311
108.291200515590930	86.324948231185601	20.000000000000004
79.625541355136093	108.383321823424140	20.000000000000000
60.689702635868230	116.253205433762020	37.822479155674735
82.211328197840544	83.833240881292454	80.000000000000000
157.762930746263322	115.100964991030821	20.000000000000000
170.000000000000000	129.302844557151701	41.192686948831323
170.000000000000000	141.104217579089152	58.177702579018948
98.818671300116605	159.308973977156967	80.000000000000000
88.218510975923394	159.762039356401232	80.000000000000000
49.964833589945364	131.712139453045381	37.276264734714239
73.999277011852897	118.681138345527245	20.000000000000000
87.877012550415685	170.000000000000000	49.821324516019359
126.351090771534501	162.416127404609085	74.169318038512543
170.000000000000000	164.735792081816157	39.500630804191751
170.000000000000000	165.589658887317142	34.631470554382872
154.586571482336296	169.483177751398813	20.000000000000000
148.586772178023352	170.000000000000000	20.000000000000000
166.930597721309056	44.094980871907296	80.000000000000000
170.000000000000000	44.361530618875683	74.344082159267700
170.000000000000000	40.935389068703280	48.372691947544283
144.525525929711648	30.000000000000000	29.189207958972872
124.209034096909036	30.000000000000000	80.000000000000000
117.614760885944364	170.000000000000000	36.686624300687562
133.465010063548789	166.043266907386396	54.438982907783391
103.528512378110051	158.711646499158178	80.000000000000000
56.606044632611187	157.257997747829705	80.000000000000000
30.000000000000000	160.929956129674025	62.054312307894953
30.000000000000000	170.000000000000000	25.853104268004589
133.608877327187486	150.313538842841410	36.577630864633626
166.488837203149330	170.000000000000000	62.444885841766286
170.000000000000000	170.000000000000000	65.750716223379385
170.000000000000000	114.887206419874701	80.000000000000000
169.199857308608557	111.973428601675238	80.000000000000000
155.147774203917663	97.673168774749669	70.466979879339902
170.000000000000000	147.270701879572101	60.962781878411455
149.751614535750718	126.510899043206337	74.752758320573250
101.768774888996035	151.179486723106891	38.375580813050618
109.868384615583480	170.000000000000000	23.027611903305257
170.000000000000000	170.000000000000000	39.712972501188602
93.347389056040967	83.771251874452986	30.739527742601545
35.716158115712332	98.046077459558816	34.303352149859037
88.430576740611912	168.444208504252686	44.127921343217160
116.068746164713644	139.669325043203798	38.980706777927374
148.150531377253259	30.000000000000000	21.610412646762335
123.972122709839425	95.292700144787844	80.000000000000000
129.711214690256611	110.529718303913000	80.000000000000000
170.000000000000000	136.956280329353319	43.682377821336289
170.000000000000000	84.438042831536279	20.000000000000000
149.495664323470521	30.000000000000000	20.000000000000000
96.152135013987731	122.024841856970511	37.249451540578860
73.275693325631778	100.512017993351279	45.640568093534540
35.867265691555211	134.424530299611064	66.209882874633280
86.010284879290722	167.346693586269140	46.406767898070107
90.427971016502738	153.949397724555240	73.422813191374289
75.258257846180314	170.000000000000000	52.062632444950893
74.698860244497624	170.000000000000000	20.000000000000000
91.660129902134784	151.601822712954430	20.000000000000000
110.120155824684574	131.979796334653400	41.235162867805741
40.000000000000000	40.000000000000000	30.000000000000000
160.000000000000000	40.000000000000000	30.000000000000000
160.000000000000000	40.000000000000000	70.000000000000000
40.000000000000000	40.000000000000000	70.000000000000000
40.000000000000000	80.000000000000000	30.000000000000000
160.000000000000000	80.000000000000000	30.000000000000000
160.000000000000000	80.000000000000000	70.000000000000000
40.000000000000000	80.000000000000000	70.000000000000000
40.000000000000000	120.000000000000000	30.000000000000000
160.000000000000000	120.000000000000000	30.000000000000000
160.000000000000000	120.000000000000000	70.000000000000000
40.000000000000000	120.000000000000000	70.000000000000000
40.000000000000000	160.000000000000000	30.000000000000000
160.000000000000000	160.000000000000000	30.000000000000000
160.000000000000000	160.000000000000000	70.000000000000000
40.000000000000000	160.000000000000000	70.000000000000000
62.142227215527640	115.649524786047010	36.455357824115040
96.322671421347962	91.090909347295735	31.818681357232407
66.593710247871499	107.359466578047304	49.392999393714881
75.258266363975309	102.376413914346017	44.913357032211323
92.079086991567536	80.000000000000000	70.000000000000000
111.624378117655070	80.000000000000000	30.000000000000000
86.666032186285662	158.623668417261570	78.266109369193188
100.863103781380730	158.786106590814228	79.373231513402004
140.093995694091774	134.464118479162806	46.781330756764120
158.552921649325611	144.031829027903882	61.687071579742572
122.725718343759112	140.405255749648717	54.263645331145327
159.612964743035093	143.760721047132705	61.362090631894333
61.510352488351074	132.493257624031060	39.110705697740471
111.804514997818572	129.178653001233812	37.434043331447540
165.529362959346145	134.023862135561359	47.712355535783281
169.600318591786845	128.838989437387028	40.500501361915340
64.710238845785184	142.524358557824371	53.744715183893121
94.126554250392303	131.076747556041880	39.078396320233331
89.851997381983722	154.558817535266826	72.611795817455203
108.717102195337276	133.545114214089921	43.528509190042215
115.219389613145040	170.000000000000000	36.390437877222311
129.163215003780778	164.989732563335480	58.112033048963653
130.671644790042620	170.000000000000000	28.800114361511149
164.976908864028132	164.468846417320435	43.490283206065072
158.517264630764089	40.000000000000000	70.000000000000000
160.000000000000000	40.000000000000000	66.291733872258334
87.533055275690003	167.245602214907166	43.960647152119769
89.514546119491513	167.315657185459258	43.926047518301978
84.565018439151032	166.397781883189168	46.977550789676577
86.171336700413931	166.626985972694001	46.261350399646453
74.897838328719033	170.000000000000000	31.404698839968663
82.272870156342321	162.578056615657403	61.939772844960345
40.000000000000000	160.000000000000000	67.002535102028730
64.241628714164392	160.000000000000000	70.000000000000000
144.312829486885818	156.722395155772688	44.998622277715349
162.143886327804438	139.216164831034945	66.313115743686794
148.248828329086393	114.533970235905343	59.612162851160747
151.706480463413641	124.957039722308011	60.172751649684848
146.012289124257791	120.000000000000000	56.093187012644364
160.000000000000000	120.000000000000000	69.262898090616659
149.787023904416515	160.000000000000000	49.305269345620886
160.000000000000000	160.000000000000000	58.920991719345999
104.946873811597527	149.545585676300163	40.784989457788058
106.240605277291053	149.901681764620264	40.811057737472005
105.564777372027720	160.000000000000000	31.182527066319878
160.000000000000000	160.000000000000000	46.287248816555120
83.099809388300642	161.325168430849999	43.134407726399267
107.640134956228550	134.615926701086806	38.382314920669891
52.155348277177055	120.000000000000000	37.367181087693403
108.073591178887867	120.000000000000000	36.080813812105440
82.107517655896856	160.000000000000000	42.949470871563250
96.541207861286807	160.000000000000000	42.617432063068776
144.447451459621163	40.000000000000000	30.553156203661899
144.909487469736973	40.000000000000000	30.000000000000000
129.635131789092753	80.000000000000000	66.324130431260144
159.975668845861861	80.000000000000000	30.000000000000000
144.149193633909391	120.000000000000000	66.985135931306544
160.000000000000000	120.000000000000000	48.008320959138246
80.797072859745413	163.923879800109688	48.465635487070564
88.717936724103311	155.246751877869599	43.961965007119638
51.778767410905644	120.000000000000000	57.460819944033787
93.998945969035674	120.000000000000000	38.039244834609221
74.820698269956409	160.000000000000000	50.825900885161111
87.654283579575832	160.000000000000000	44.922362588400745
84.092325084430342	160.000000000000000	30.000000000000000
84.709437876682983	160.000000000000000	65.370656891548492
157.692906082669595	143.586062029914302	60.992601643008967
150.062078207615315	120.000000000000000	59.906144874608657
84.317367904353929	160.000000000000000	42.898634527356911

84.378962857830047	160.000000000000000	46.429032848386917

140.000000000000000	136.704502272954869	50.000000000000000
140.000000000000000	165.478796955955431	50.000000000000000
140.000000000000000	31.252264832447196	50.000000000000000
140.000000000000000	150.092756141636841	50.000000000000000
140.000000000000000	71.317708532264547	50.000000000000000
140.000000000000000	40.000000000000000	50.000000000000000
140.000000000000000	79.999999999999986	50.000000000000000
140.000000000000000	120.000000000000000	50.000000000000000
140.000000000000000	160.000000000000000	50.000000000000000
60.000000000000000	164.879501924268311	50.000000000000000
60.000000000000000	40.000000000000000	50.000000000000000
60.000000000000000	79.999999999999986	50.000000000000000
60.000000000000000	120.000000000000000	50.000000000000000
60.000000000000000	160.000000000000000	50.000000000000000
/

DFN_FRACTURES
--NumPts [PtsId=1...NumPts]
15
8	0	1	2	3	76	4	78	5
13	6	91	7	8	87	85	83	9	10	82	92	11	12
9	13	14	99	15	16	17	18	98	96
5	19	20	21	22	23
9	24	25	97	26	27	28	29	106	96
11	30	110	116	31	32	33	34	35	112	114	84
10	36	111	37	86	118	38	120	39	98	40
15	41	42	124	88	126	122	102	43	103	127	119	44	89	125	77
11	45	128	130	46	47	132	113	90	48	49	50
14	51	137	79	52	136	53	138	134	104	54	105	139	135	93
11	55	94	141	107	56	106	57	58	123	59	95
7	60	129	61	101	62	100	63
7	64	81	131	65	66	80	67
6	68	69	133	115	70	71
9	72	140	73	121	117	74	109	75	108
/

DFN_INTERSECTIONS
--FracID1 FracID2 [PtsID 1,2]
45
0	7	76	77
0	9	78	79
0	12	80	81
1	4	82	83
1	5	84	142
1	5	142	85
1	6	86	142
1	6	142	87
1	7	88	89
1	8	90	91
1	9	92	93
1	10	94	95
2	4	96	97
2	6	98	99
3	11	100	101
4	7	102	103
4	9	104	105
4	10	106	107
4	14	108	109
5	6	110	142
5	6	142	111
5	8	112	143
5	8	143	113
5	13	114	143
5	13	143	115
5	14	116	117
6	7	118	119
6	14	120	121
7	10	122	144
7	10	144	123
7	13	124	125
7	14	126	144
7	14	144	127
8	11	128	129
8	12	130	131
8	13	132	143
8	13	143	133
9	10	134	145
9	10	145	135
9	13	136	137
9	14	138	145
9	14	145	139
10	14	140	144
10	14	144	145
10	14	145	141
/

WELL_DFN_INTERSECTIONS
--NumInts (FracID1,IntID1) (FracID2, IntID2) (...)
2
9	1	146	2	147	3	148	6	149	8	150	11	151	12	152	13	153	14	154	
5	4	155	11	156	12	157	13	158	14	159	
/

