--DFN Genetrated by PyGeoMesh 

DFN_INFO
--Dimension,NumPts,NumFracs,NumInts,NumClusters,NumWells
3 20 3 6 1 1
/

DFN_CLUSTERS
--NumFrac FracIDlist[1,5,10..]
1
3	1	2	3
/

DFN_POINTS
--[x,y,z]
20
-2.000000000000000	-1.000000000000000	0.000000000000000
1.000000000000000	-1.000000000000000	0.000000000000000
1.000000000000000	1.000000000000000	0.000000000000000
-2.000000000000000	1.000000000000000	0.000000000000000
-1.000000000000000	0.000000000000000	-1.000000000000000
1.000000000000000	0.000000000000000	-1.000000000000000
1.000000000000000	0.000000000000000	1.000000000000000
-1.000000000000000	0.000000000000000	1.000000000000000
0.000000000000000	-1.000000000000000	-1.000000000000000
0.000000000000000	1.000000000000000	-1.000000000000000
0.000000000000000	1.000000000000000	1.000000000000000
0.000000000000000	-1.000000000000000	1.000000000000000
-1.000000000000000	0.000000000000000	0.000000000000000
1.000000000000000	0.000000000000000	0.000000000000000
0.000000000000000	-1.000000000000000	0.000000000000000
0.000000000000000	1.000000000000000	0.000000000000000
0.000000000000000	0.000000000000000	-1.000000000000000
0.000000000000000	0.000000000000000	1.000000000000000
0.000000000000000	0.000000000000000	0.000000000000000

-1.550000000000000	0.250000000000000	0.000000000000000
/

DFN_FRACTURES
--NumPts [PtsId=1...NumPts]
3
7	0	14	1	13	2	15	3
8	4	16	5	13	6	17	7	12
8	8	16	9	15	10	17	11	14
/

DFN_INTERSECTIONS
--FracID1 FracID2 [PtsID 1,2]
6
0	1	12	18
0	1	18	13
0	2	14	18
0	2	18	15
1	2	16	18
1	2	18	17
/

WELL_DFN_INTERSECTIONS
--NumWells (FracID1,IntID1) (FracID2, IntID2) (...)
1
1	0	19	
/

