--DFN Genetrated by PyGeoMesh 

DFN_INFO
--Dimension,NumPts,NumFracs,NumInts,NumClusters,NumWells
3 25 4 7 1 1
/

DFN_CLUSTERS
--NumFrac FracIDlist[1,5,10..]
1
4	1	2	3	4
/

DFN_POINTS
--[x,y,z]
25
-0.500000000000000	-0.500000000000000	0.000000000000000
0.500000000000000	-0.500000000000000	0.000000000000000
0.500000000000000	0.500000000000000	0.000000000000000
-0.500000000000000	0.500000000000000	0.000000000000000
-0.200000000000000	0.300000000000000	-0.600000000000000
0.800000000000000	0.300000000000000	-0.600000000000000
0.800000000000000	0.300000000000000	0.400000000000000
-0.200000000000000	0.300000000000000	0.400000000000000
0.393923101204883	0.230540728933228	-0.400000000000000
-0.590884651807325	0.404188906600158	-0.400000000000000
-0.590884651807325	0.404188906600158	0.600000000000000
0.393923101204883	0.230540728933228	0.600000000000000
0.400000000000000	-0.200000000000000	0.200000000000000
0.750000000000000	-0.200000000000000	0.200000000000000
0.600000000000000	0.350000000000000	0.200000000000000
-0.200000000000000	0.300000000000000	0.000000000000000
0.500000000000000	0.300000000000000	0.000000000000000
-0.500000000000000	0.388163490354233	0.000000000000000
0.393923101204883	0.230540728933228	0.000000000000000
0.000000000000000	0.300000000000000	-0.400000000000000
0.000000000000001	0.300000000000000	0.400000000000000
0.581818181818182	0.300000000000000	0.200000000000000
0.613636363636364	0.300000000000000	0.200000000000000

0.000000000000001	0.300000000000000	0.000000000000000

-0.400000000000000	-0.200000000000000	0.000000000000000
/

DFN_FRACTURES
--NumPts [PtsId=1...NumPts]
4
6	0	1	16	2	3	17
6	4	5	6	20	7	15
6	8	19	9	10	11	18
5	12	13	22	14	21
/

DFN_INTERSECTIONS
--FracID1 FracID2 [PtsID 1,2]
7
0	1	15	23
0	1	23	16
0	2	17	23
0	2	23	18
1	2	19	23
1	2	23	20
1	3	21	22
/

WELL_DFN_INTERSECTIONS
--NumInts (FracID1,IntID1) (FracID2, IntID2) (...)
1
1	0	24	
/

