--DFN Genetrated by PyGeoMesh 

DFN_INFO
--Dimension,NumPts,NumFracs,NumInts,NumClusters,NumWells
3 25 4 3 1 2
/

DFN_CLUSTERS
--NumFrac FracIDlist[1,5,10..]
1
4	1	2	3	4
/

DFN_POINTS
--[x,y,z]
25
0.000000000000000	-0.500000000000000	0.500000000000000
0.000000000000000	0.500000000000000	0.500000000000000
0.000000000000000	0.500000000000000	-0.500000000000000
0.000000000000000	-0.500000000000000	-0.500000000000000
0.500000000000000	-0.500000000000000	0.200000000000000
0.500000000000000	0.500000000000000	0.200000000000000
-0.200000000000000	0.500000000000000	0.200000000000000
-0.200000000000000	-0.500000000000000	0.200000000000000
0.200000000000000	-0.500000000000000	0.000000000000000
0.200000000000000	0.500000000000000	0.000000000000000
-0.500000000000000	0.500000000000000	0.000000000000000
-0.500000000000000	-0.500000000000000	0.000000000000000
0.500000000000000	-0.500000000000000	-0.200000000000000
0.500000000000000	0.500000000000000	-0.200000000000000
-0.200000000000000	0.500000000000000	-0.200000000000000
-0.200000000000000	-0.500000000000000	-0.200000000000000
0.000000000000000	-0.500000000000000	0.200000000000000
0.000000000000000	0.500000000000000	0.200000000000000
0.000000000000000	-0.500000000000000	0.000000000000000
0.000000000000000	0.500000000000000	0.000000000000000
0.000000000000000	-0.500000000000000	-0.200000000000000
0.000000000000000	0.500000000000000	-0.200000000000000

-0.400000000000000	0.000000000000000	0.000000000000000
0.400000000000000	0.000000000000000	0.200000000000000
0.400000000000000	0.000000000000000	-0.200000000000000
/

DFN_FRACTURES
--NumPts [PtsId=1...NumPts]
4
10	0	1	17	19	21	2	3	20	18	16
6	4	5	17	6	7	16
6	8	9	19	10	11	18
6	12	13	21	14	15	20
/

DFN_INTERSECTIONS
--FracID1 FracID2 [PtsID 1,2]
3
0	1	16	17
0	2	18	19
0	3	20	21
/

WELL_DFN_INTERSECTIONS
--NumInts (FracID1,IntID1) (FracID2, IntID2) (...)
2
1	2	22	
2	1	23	3	24	
/

